iUFL can be obtained from https://github.com/MiroK/ufl-interpreter
--- call init ---
Load initial flow
Load buffer history
--- done init ---
Load initial flow
Load buffer history
[2.0601298433031645, 2.0789580891377692, 1.8752928409300669, -2.1671023058653635e-15, 1.988471271875229]
[-0.4464795634353322, 0.5098482476781275, -0.05434399621041007, 2.4650745164585275e-13, 0.14082319294360504]
Simulation_lift | Ep N:    0, step:    0, Rec Area: 0.0117, drag: -0.1586, lift: 0.0167
[2.0611731502110695, 2.0779790454209017, 1.8768712204384657, -2.767621904403017e-15, 1.9869450645310303]
[-0.45218435642279337, 0.5046866245912456, -0.05404860652442736, 3.2756226074622303e-13, 0.14110871359240149]
[2.0621329892399025, 2.077025266477472, 1.8784109439835706, -3.2943542683384708e-15, 1.985460181776292]
[-0.4572238986048609, 0.49919274792861, -0.05372188881086419, 2.8272266710892926e-13, 0.14145649557500742]
[2.0630285867619, 2.076015570165429, 1.8798443189195453, -1.926574302384489e-15, 1.984084109248106]
[-0.4620935903784634, 0.4942958255720715, -0.05335538815702729, 3.0239825289096605e-13, 0.1418510560897588]
[2.0641160475031555, 2.0749586623234624, 1.881195240448082, -3.2635037527336133e-15, 1.982793226576689]
[-0.46674867014406285, 0.4897819298909376, -0.052953270336052724, 2.907972280962663e-13, 0.14228624202192472]
[2.065209074883191, 2.073915594440435, 1.8824718238921623, -2.0164183150524964e-15, 1.9815763120839593]
[-0.4710145502847696, 0.4855389775062778, -0.0525175755122225, 2.9064144511954103e-13, 0.14275833895684661]
[2.066377676096599, 2.072796900167985, 1.8836815758181555, -2.9526132951946308e-15, 1.9804235844242677]
[-0.4750044776189255, 0.4816209433656008, -0.052051086428949386, 2.816103220603477e-13, 0.14326428516151854]
[2.0675770555016433, 2.071647710978934, 1.8848299091912313, -2.0513222461953538e-15, 1.9793283494611231]
[-0.47876042141886466, 0.47797678064402027, -0.05155675268687128, 2.752024107766954e-13, 0.14380045690916898]
[2.068796227338073, 2.070480378464479, 1.8859229361911614, -2.6463912899149274e-15, 1.9782846788319812]
[-0.48229947015965735, 0.47457356868721035, -0.05103735077580079, 2.655470313586189e-13, 0.1443628698219998]
[2.0700310521677077, 2.069296091274195, 1.8869658714077773, -2.0324135469794117e-15, 1.977288161258308]
[-0.48565294901888645, 0.4713799466234723, -0.05049539817658315, 2.5647381822803545e-13, 0.14494759862041473]
[2.0712733314322773, 2.0681001857730177, 1.887963948925442, -2.3810085921190428e-15, 1.9763345291315315]
[-0.48884502171522065, 0.4683795285514342, -0.04993316038743743, 2.459571647718154e-13, 0.14555156770063762]
Simulation_lift | Ep N:    0, step:   10, Rec Area: 0.0116, drag: -0.1589, lift: -0.0307
[2.0725110112824017, 2.0668957910496792, 1.8889217102247453, -1.9679457324941785e-15, 1.9754198686676756]
[-0.4919025997769441, 0.46554272699117466, -0.04935269299416613, 2.3552051791811357e-13, 0.14617270097606433]
[2.073732378188698, 2.0656920151559115, 1.889843492828474, -2.153651712019742e-15, 1.9745402117597322]
[-0.4948492458728448, 0.4628426624306676, -0.048755767860795704, 2.243622064983334e-13, 0.1468099333788415]
[2.0749256422660487, 2.064496917223758, 1.8907331595067645, -1.871421349262504e-15, 1.9736918753216282]
[-0.49770223058829105, 0.46025972579524393, -0.04814389242657243, 2.131725969353055e-13, 0.14746273951513283]
[2.0760803054226256, 2.0633164856643824, 1.891594353384537, -1.9547266214520168e-15, 1.972871383141967]
[-0.5004773523325377, 0.4577858835753572, -0.04751829428236123, 2.0160250406566162e-13, 0.1481307886528591]
[2.077185894376399, 2.062155307047795, 1.8924303628710128, -1.7546528007630499e-15, 1.972075633213503]
[-0.503187678929063, 0.45541034276118597, -0.04687999933548638, 1.899949588393717e-13, 0.14881355017909886]
[2.078232265006513, 2.0610178541649233, 1.893244262015846, -1.7754171991081877e-15, 1.9713017788640212]
[-0.5058442864303977, 0.4531171196373648, -0.046229876923734425, 1.7818747896852503e-13, 0.14951020236546825]
[2.079209975746679, 2.0599089414943674, 1.8940388387452676, -1.6260259289373531e-15, 1.9705472476155719]
[-0.5084547626508727, 0.4508889793463569, -0.045568718696042926, 1.6636236103551422e-13, 0.15021961157743663]
[2.0801106576766535, 2.058833195429825, 1.8948166723350732, -1.6092907276140638e-15, 1.9698096338110371]
[-0.5110234833147295, 0.4487137186951962, -0.04489727821433256, 1.544392794683085e-13, 0.15094049635338644]
[2.080927555861532, 2.0577947198534017, 1.8955800920360932, -1.49091490622885e-15, 1.9690867065653905]
[-0.513552537748747, 0.446584806767779, -0.044216312301077754, 1.4251965888507983e-13, 0.1516715577661616]
[2.081655306393962, 2.056796385368548, 1.89633122573124, -1.4519770515998369e-15, 1.9683763644036605]
[-0.5160430078121341, 0.4444982337640519, -0.04352658470544597, 1.3056123551139074e-13, 0.15241162842604772]
Simulation_lift | Ep N:    0, step:   20, Rec Area: 0.0117, drag: -0.1588, lift: -0.0056
[2.0822902354507047, 2.0558401748535764, 1.8970719889755596, -1.3525300694220544e-15, 1.9676766616260606]
[-0.5184956642337969, 0.44244998588413287, -0.04282885900159125, 1.1862239897420405e-13, 0.15315972540607387]
[2.0828303010722786, 2.054927289910196, 1.8978041304562498, -1.3005831105296844e-15, 1.9669857965138564]
[-0.5209109067816747, 0.44043558047392695, -0.04212386778602045, 1.0667961719152282e-13, 0.15391508102566986]
[2.0832753218852025, 2.0540586956958657, 1.8985292424282156, -1.2127016970462916e-15, 1.9663021296103014]
[-0.5232881041349843, 0.4384511843244737, -0.04141228342266037, 9.476717569430417e-14, 0.15467711505530152]
[2.0836267487479425, 2.0532350840592937, 1.8992487975673011, -1.1532081746409744e-15, 1.9656241679179776]
[-0.5256252882197836, 0.4364941477271102, -0.040694691091100965, 8.287094951585887e-14, 0.15544541119120137]
[2.083887359744186, 2.0524569288835504, 1.899964158649452, -1.072409810798285e-15, 1.9649505603619746]
[-0.5279194659578488, 0.43456270835868727, -0.03997157942473622, 7.101086640041088e-14, 0.15621967341965892]
[2.0840607724499027, 2.0517242908632958, 1.9006765991623682, -1.0085717108206617e-15, 1.964280072722174]
[-0.5301676261917114, 0.4326551644357141, -0.039243345269251856, 5.91776481915045e-14, 0.1569996918884047]
[2.084151176730913, 2.051036839041845, 1.9013873073395762, -9.321144314355802e-16, 1.9636115742305762]
[-0.5323675068940235, 0.43076957108274305, -0.03851031289221342, 4.7382682735562767e-14, 0.15778529638593483]
[2.0841632454964025, 2.050393803700977, 1.902097397432247, -8.657887420849164e-16, 1.9629440192454495]
[-0.534517841134263, 0.4289041246190054, -0.03777275796214981, 3.5619658436583786e-14, 0.15857631710230113]
[2.0841021782397893, 2.04979404510863, 1.9028079122337815, -7.919942728375908e-16, 1.9622764418958347]
[-0.5366179294386071, 0.4270578580016781, -0.03703093082182905, 2.3895016237406092e-14, 0.15937254610254728]
[2.083973652949827, 2.0492361191188526, 1.9035198304584562, -7.242514731922507e-16, 1.9616079493223237]
[-0.5386672011244196, 0.42523087266469695, -0.03628507268300933, 1.2204291038502804e-14, 0.1601737185773269]
Simulation_lift | Ep N:    0, step:   30, Rec Area: 0.0117, drag: -0.1588, lift: 0.0057
[2.0837836254433544, 2.048718478372837, 1.9042340699752858, -6.520871001132572e-16, 1.9609377192224424]
[-0.5406650149586096, 0.42342385436317953, -0.03553542386897093, 5.508572852703152e-16, 0.16097951121966447]
[2.0835380319464543, 2.0482396608815328, 1.9049514953589801, -5.835314971993047e-16, 1.9602649904645157]
[-0.5426108877066745, 0.4216372458032833, -0.03478222482861972, -1.1068672549652647e-14, 0.16178956389763338]
[2.083242533270143, 2.0477984026577145, 1.905672924338077, -5.123513885951021e-16, 1.9595890514911485]
[-0.5445048043962197, 0.41987075456739403, -0.034025713036831426, -2.2652769351083142e-14, 0.16260351250093646]
[2.0829023921321834, 2.047393565122249, 1.9063991372031004, -4.4331517498426967e-16, 1.9589092238521713]
[-0.5463474411240257, 0.41812350781091184, -0.033266118538896446, -3.420400458342685e-14, 0.16342102584380708]
[2.0825224748691014, 2.0470239817208427, 1.9071308848733366, -3.7271342750702113e-16, 1.9582248480191955]
[-0.5481401084209814, 0.41639461466136607, -0.032503660418454164, -4.57217970643872e-14, 0.1[2.020919125111604, 1.5827265907974484, 1.8039352651699758, -9.102078795577423e-16, 2.0822135486235607]
[0.0372364569705738, 1.1020626020964999, -0.038356209646035436, -4.232799034652488e-14, 0.14410727106176507]
[2.0222025963115278, 1.5767753728591996, 1.8036162256573187, -9.390285445945737e-16, 2.084179577082662]
[0.043156808935187474, 1.101895576056468, -0.038813417737217026, -3.619595491682608e-14, 0.14252603808918268]
[2.0236379280293937, 1.571345562263129, 1.803287092587622, -9.608607191905367e-16, 2.0862283035084497]
[0.04896224363373144, 1.103260723013855, -0.03928147013107932, -3.035572697571247e-14, 0.14089491422171196]
[2.025216097903267, 1.566202351253545, 1.8029448979104477, -9.84607824515736e-16, 2.0883651022366996]
[0.05464515939942884, 1.1060844013341493, -0.03975950517644252, -2.4780732485872445e-14, 0.1392158934291697]
[2.0269271063218155, 1.5611014761896511, 1.8025869421298655, -1.0038847940352933e-15, 2.0905949522358176]
[0.06019914726309522, 1.110152262640347, -0.04024664344767056, -1.9447899453321666e-14, 0.13749108743579364]
Simulation_lift | Ep N:    0, step:   40, Rec Area: 0.0116, drag: -0.1834, lift: 0.1534
[2.0287620552211547, 1.5553648828842026, 1.8022104125236336, -1.0236413836511377e-15, 2.092923091749134]
[0.06562697669574794, 1.1151977699456, -0.04074211732518497, -1.436083160576318e-14, 0.1357241173264412]
[2.0307146771685147, 1.548587350330583, 1.8018123625435696, -1.0398796141940665e-15, 2.0953550904585128]
[0.07094070207501926, 1.1211598567584586, -0.041245253178656696, -9.511289072731931e-15, 0.13392062424598006]
[2.0327817197761098, 1.5416075185659839, 1.80139051592472, -1.0562719975449573e-15, 2.097895655458764]
[0.0761536295781062, 1.1280664962899616, -0.04175508733948992, -4.838758065694917e-15, 0.13208508246500342]
[2.034960230849836, 1.5350901209606662, 1.8009432368434655, -1.0710941377090224e-15, 2.100548270631453]
[0.08127185528228272, 1.1354032174347488, -0.04227033561323532, -3.1166386270338305e-16, 0.13021965907814273]
[2.037243029899585, 1.5273118874720888, 1.8004680625113998, -1.0851735137131284e-15, 2.1033176945526155]
[0.08629310963224864, 1.1423601036294049, -0.04278997773412418, 4.011453483535757e-15, 0.12832949883768632]
[2.0396182378999788, 1.5168267103945765, 1.799961134764596, -1.0959404799828519e-15, 2.1062099392082536]
[0.09121294659011864, 1.1494229309009487, -0.043313538436513116, 8.057323253282349e-15, 0.12642780455481564]
[2.042077686744836, 1.5073376704189996, 1.799420502696405, -1.1060092799420252e-15, 2.109226825396214]
[0.09603125905378017, 1.1582409285012951, -0.04383974527618564, 1.1995167242236388e-14, 0.12452410910300751]
[2.044621173280797, 1.5024178046215972, 1.7988473273682963, -1.1176732063048241e-15, 2.1123639658638096]
[0.10075303908213117, 1.1675511405311096, -0.04436604051938375, 1.596895218934408e-14, 0.12261469280730414]
[2.0472431981040913, 1.4951260837245905, 1.7982388391590254, -1.1266836553148491e-15, 2.1156204766140783]
[0.10538401948445948, 1.1729772279016075, -0.044891530191893694, 1.959223414058485e-14, 0.12070837560678713]
[2.0499219514256266, 1.4785916796960128, 1.7975838110593947, -1.1234569125146457e-15, 2.1190003359297114]
[0.10992636460639468, 1.1753560160770995, -0.04541899259378382, 2.2284404776416375e-14, 0.11885653092903856]
Simulation_lift | Ep N:    0, step:   50, Rec Area: 0.0117, drag: -0.1932, lift: 0.1619
[2.052620572114617, 1.468132120613559, 1.7968643967522402, -1.0972999990237088e-15, 2.122474628073669]
[0.11437851223457725, 1.1848356826291617, -0.045954977441755515, 2.312701431199034e-14, 0.11716007126513764]
[2.055372197199971, 1.4812948804291841, 1.7961022633609973, -1.0870719134230664e-15, 2.1259973419386857]
[0.1187383365751065, 1.1990004927093316, -0.04648839720339106, 2.5947112929433598e-14, 0.11554879104774674]
[2.0582231580924306, 1.4940472160298721, 1.795324424550718, -1.111870302417605e-15, 2.129491722155664]
[0.12300731865547941, 1.1964189523005593, -0.0470068358802743, 2.9102445845497375e-14, 0.11393458214053193]
[2.0609976158203773, 1.489061263149863, 1.7944364670188313, -9.639172376135646e-16, 2.132729515008952]
[0.1271907794827893, 1.156794576958634, -0.04755692581156519, 1.9732224168836585e-14, 0.1128430800745274]
[2.0616248979603515, 1.4973365711152662, 1.7923128994310398, 6.474396403132655e-16, 2.134307375266607]
[0.1312969680432469, 1.0743566451647464, -0.04868133007410179, -1.1593127648516406e-13, 0.11743552624249737]
[2.0599556994913772, 1.5271756968936827, 1.7889236564512148, 2.627488486081166e-15, 2.133756213436489]
[0.13528525220781965, 0.9029757185865834, -0.050393737639186004, -2.2150028227761146e-13, 0.1279126305921852]
[2.1286965099103474, 3.9986872784918166, 1.824202070071417, -4.435647720522927e-14, 2.160877529641602]
[0.1386224385595723, 1.0042574436382725, -0.03384451542583454, 4.0169723669800645e-12, -0.023972505285752788]
[3.439548607409336, 66.92135746637058, 2.5468913468811922, -7.711545371236996e-13, 2.203037165721975]
[0.1290833527234577, -7.349259510352084, 0.29388449025740476, 7.157254738482349e-11, -2.8608829764317463]
[-8775.620434712231, -265424.98288245656, -4877.056984335535, 4.8779045901663885e-09, 391.10754262167916]
[118.74458215469384, 77266.68088443723, -2179.1591291071827, -4.775552994209871e-07, 17605.79647870303]
[8450679562.850964, 224670200897.74564, 4556478803.601267, -0.006847049270887008, 9734088886.263512]
[26865750.738122866, 318181724498.91345, 2330444748.147937, 0.5896526618607241, -22715632662.498444]
Simulation_lift | Ep N:    0, step:   60, Rec Area: 0.4607, drag: -604580347904.0000, lift: -991609683968.0000
[1.201808639601931e+23, 4.568012567030272e+24, 6.611735474697387e+22, -77403857236.04045, 4.296905105232168e+22]
[-8.482999737200051e+20, 1.0437426319967958e+24, 3.1054256293391112e+22, 7187238867293.007, -2.7857625837064845e+23]
[-5.0211971129638056e+47, 7.17851547504407e+48, -2.7516205667626893e+47, 3.3075769318645216e+35, -3.015251849221921e+47]
[4.233551930105203e+45, -3.057255322078076e+49, -1.2979746753501333e+47, -3.0422529971303655e+37, 1.1444644831867005e+48]
[-2.5865688297555766e+98, 2.418932556587645e+99, -1.3532804604779653e+98, 2.62562278190201e+86, -6.322542057459493e+98]
[-3.3946639891465075e+96, -5.445840388902914e+100, -7.667019298194796e+97, -2.1263238037238303e+88, 8.688094429134194e+98]
[2.622543323226036e+202, 8.02001030380606e+203, 1.441764044635799e+202, -1.7001124712712244e+190, 1.0307771239095556e+202]
[-1.894786217449359e+200, 3.0078538540907457e+203, 6.77894514490125e+201, 1.5740385359961954e+192, -6.003112848882166e+202]
[nan, nan, nan, nan, nan]
[nan, nan, nan, nan, nan]
[nan, nan, nan, nan, nan]
[nan, nan, nan, nan, nan]
[nan, nan, nan, nan, nan]
[nan, nan, nan, nan, nan]
[nan, nan, nan, nan, nan]
[nan, nan, nan, nan, nan]
[nan, nan, nan, nan, nan]
[nan, nan, nan, nan, nan]
[nan, nan, nan, nan, nan]
[nan, nan, nan, nan, nan]
Simulation_lift | Ep N:    0, step:   70, Rec Area: 0.0000, drag: nan, lift: nan
[nan, nan, nan, nan, nan]
[nan, nan, nan, nan, nan]
[nan, nan, nan, nan, nan]
[nan, nan, nan, nan, nan]
[nan, nan, nan, nan, nan]
[nan, nan, nan, nan, nan]
[nan, nan, nan, nan, nan]
[nan, nan, nan, nan, nan]
[nan, nan, nan, nan, nan]
[nan, nan, nan, nan, nan]
[nan, nan, nan, nan, nan]
[nan, nan, nan, nan, nan]
[nan, nan, nan, nan, nan]
[nan, nan, nan, nan, nan]
[nan, nan, nan, nan, nan]
[nan, nan, nan, nan, nan]
[nan, nan, nan, nan, nan]
[nan, nan, nan, nan, nan]
[nan, nan, nan, nan, nan]
[nan, nan, nan, nan, nan]
Simulation_lift | Ep N:    0, step:   80, Rec Area: 0.0000, drag: nan, lift: nan
[nan, nan, nan, nan, nan]
[nan, nan, nan, nan, nan]
[nan, nan, nan, nan, nan]
[nan, nan, nan, nan, nan]
[nan, nan, nan, nan, nan]
[nan, nan, nan, nan, nan]
[nan, nan, nan, nan, nan]
[nan, nan, nan, nan, nan]
[nan, nan, nan, nan, nan]
[nan, nan, nan, nan, nan]
[nan, nan, nan, nan, nan]
[nan, nan, nan, nan, nan]
[nan, nan, nan, nan, nan]
[nan, nan, nan, nan, nan]
[nan, nan, nan, nan, nan]
[nan, nan, nan, nan, nan]
[nan, nan, nan, nan, nan]
[nan, nan, nan, nan, nan]
[nan, nan, nan, nan, nan]
[nan, nan, nan, nan, nan]
Simulation_lift | Ep N:    0, step:   90, Rec Area: 0.0000, drag: nan, lift: nan
[nan, nan, nan, nan, nan]
[nan, nan, nan, nan, nan]
[nan, nan, nan, nan, nan]
[nan, nan, nan, nan, nan]
[nan, nan, nan, nan, nan]
[nan, nan, nan, nan, nan]
[nan, nan, nan, nan, nan]
[nan, nan, nan, nan, nan]
[nan, nan, nan, nan, nan]
[nan, nan, nan, nan, nan]
[nan, nan, nan, nan, nan]
[nan, nan, nan, nan, nan]
[nan, nan, nan, nan, nan]
[nan, nan, nan, nan, nan]
[nan, nan, nan, nan, nan]
[nan, nan, nan, nan, nan]
[nan, nan, nan, nan, nan]
[nan, nan, nan, nan, nan]
[nan, nan, nan, nan, nan]
[nan, nan, nan, nan, nan]
Simulation_lift | Ep N:    0, step:  100, Rec Area: 0.0000, drag: nan, lift: nan
[nan, nan, nan, nan, nan]
[nan, nan, nan, nan, nan]
[nan, nan, nan, nan, nan]
[nan, nan, nan, nan, nan]
[nan, nan, nan, nan, nan]
[nan, nan, nan, nan, nan]
[nan, nan, nan, nan, nan]
[nan, nan, nan, nan, nan]
[nan, nan, nan, nan, nan]
[nan, nan, nan, nan, nan]
[nan, nan, nan, nan, nan]
[nan, nan, nan, nan, nan]
[nan, nan, nan, nan, nan]
[nan, nan, nan, nan, nan]
[nan, nan, nan, nan, nan]
[nan, nan, nan, nan, nan]
[nan, nan, nan, nan, nan]
[nan, nan, nan, nan, nan]
[nan, nan, nan, nan, nan]
[nan, nan, nan, nan, nan]
Simulation_lift | Ep N:    0, step:  110, Rec Area: 0.0000, drag: nan, lift: nan
[nan, nan, nan, nan, nan]
[nan, nan, nan, nan, nan]
[nan, nan, nan, nan, nan]
[nan, nan, nan, nan, nan]
[nan, nan, nan, nan, nan]
[nan, nan, nan, nan, nan]
[nan, nan, nan, nan, nan]
[nan, nan, nan, nan, nan]
[nan, nan, nan, nan, nan]
[nan, nan, nan, nan, nan]
[nan, nan, nan, nan, nan]
[nan, nan, nan, nan, nan]
[nan, nan, nan, nan, nan]
[nan, nan, nan, nan, nan]
[nan, nan, nan, nan, nan]
[nan, nan, nan, nan, nan]
[nan, nan, nan, nan, nan]
[nan, nan, nan, nan, nan]
[nan, nan, nan, nan, nan]
[nan, nan, nan, nan, nan]
Simulation_lift | Ep N:    0, step:  120, Rec Area: 0.0000, drag: nan, lift: nan
[nan, nan, nan, nan, nan]
[nan, nan, nan, nan, nan]
[nan, nan, nan, nan, nan]
[nan, nan, nan, nan, nan]
[nan, nan, nan, nan, nan]
[nan, nan, nan, nan, nan]
[nan, nan, nan, nan, nan]
[nan, nan, nan, nan, nan]
[nan, nan, nan, nan, nan]
[nan, nan, nan, nan, nan]
[nan, nan, nan, nan, nan]
[nan, nan, nan, nan, nan]
[nan, nan, nan, nan, nan]
[nan, nan, nan, nan, nan]
[nan, nan, nan, nan, nan]
[nan, nan, nan, nan, nan]
[nan, nan, nan, nan, nan]
[nan, nan, nan, nan, nan]
[nan, nan, nan, nan, nan]
[nan, nan, nan, nan, nan]
Simulation_lift | Ep N:    0, step:  130, Rec Area: 0.0000, drag: nan, lift: nan
[nan, nan, nan, nan, nan]
[nan, nan, nan, nan, nan]
[nan, nan, nan, nan, nan]
[nan, nan, nan, nan, nan]
[nan, nan, nan, nan, nan]
[nan, nan, nan, nan, nan]
[nan, nan, nan, nan, nan]
[nan, nan, nan, nan, nan]
[nan, nan, nan, nan, nan]
[nan, nan, nan, nan, nan]
[nan, nan, nan, nan, nan]
[nan, nan, nan, nan, nan]
[nan, nan, nan, nan, nan]
[nan, nan, nan, nan, nan]
[nan, nan, nan, nan, nan]
[nan, nan, nan, nan, nan]
[nan, nan, nan, nan, nan]
[nan, nan, nan, nan, nan]
[nan, nan, nan, nan, nan]
[nan, nan, nan, nan, nan]
Simulation_lift | Ep N:    0, step:  140, Rec Area: 0.0000, drag: nan, lift: nan
[nan, nan, nan, nan, nan]
[nan, nan, nan, nan, nan]
[nan, nan, nan, nan, nan]
[nan, nan, nan, nan, nan]
17306638162133, -5.966756093123964e-13, 0.20142523797843384]
[2.0511251278404568, 2.0525081504458673, 1.964285658991189, 3.3023518106557096e-15, 1.9042200676605194]
[-0.6048996743954533, 0.347887689020721, -0.0016308527787062205, -6.066446712546126e-13, 0.20175510235432093]
[2.0504615047030135, 2.0528607799324643, 1.9657042387847656, 3.3723587067730036e-15, 1.90278363640498]
[-0.6056548059202058, 0.3468620107913887, -0.0015470499903380347, -6.165689875552808e-13, 0.20205836130671184]
[2.0497945248389096, 2.0532195157894013, 1.9671232170665025, 3.4422118765155628e-15, 1.9013400312048536]
[-0.6064038249216938, 0.3458430794833175, -0.0014901982517748617, -6.264475020096923e-13, 0.20233479703259674]
[2.049124070301864, 2.0535843280806594, 1.9685418716564609, 3.5119017909858637e-15, 1.8998899917337657]
[-0.607146892051715, 0.3448307129859507, -0.0014601340854420069, -6.362791423716619e-13, 0.202584236639312]
Simulation_lift | Ep N:    0, step:   90, Rec Area: 0.0114, drag: -0.1612, lift: 0.0194
[2.0484500252945876, 2.0539551911740634, 1.9699595133902568, 3.581418836640756e-15, 1.8984342461363668]
[-0.607884161461198, 0.3438247329572515, -0.0014566573879490402, -6.460628211910772e-13, 0.20280654829402842]
[2.047772276340246, 2.0543320831620893, 1.971375486782087, 3.6507533143285135e-15, 1.8969735108118793]
[-0.6086157808835942, 0.3428249654968302, -0.0014795360728595973, -6.557974366790062e-13, 0.20300163690815565]
[2.047090712408415, 2.054714985345379, 1.9727891695627844, 3.719895450737902e-15, 1.895508490524505]
[-0.6093418917285337, 0.3418312417814898, -0.0015285121398259504, -6.654818735735999e-13, 0.20316944003450904]
[2.046405224993352, 2.0551038818254064, 1.974199971182807, 3.788835400085746e-15, 1.8940398785156103]
[-0.6100626292188185, 0.34084339852126166, -0.001603308433820123, -6.751150040160048e-13, 0.2033099243922328]
[2.0457157081527395, 2.0554987592301934, 1.975607330554442, 3.857563253021112e-15, 1.8925683564392444]
[-0.6107781225769564, 0.33986127814720846, -0.0017036351985534087, -6.846956884200644e-13, 0.2034230831632261]
[2.045022058519566, 2.05589960656564, 1.9770107134337995, 3.92606903965262e-15, 1.8910945940768742]
[-0.6114884952492167, 0.33888472871741215, -0.0018291955698039918, -6.942227763438544e-13, 0.20350893400593173]
[2.0443241752990287, 2.0563064151590886, 1.9784096098807948, 3.9943427368269494e-15, 1.8896192488713495]
[-0.6121938651473411, 0.3379136035930213, -0.0019796893842488274, -7.036951073557526e-13, 0.20356751763910771]
[2.0436219602587844, 2.056719178649694, 1.979803532176919, 4.0623742719204186e-15, 1.8881429653450978]
[-0.6128943448889145, 0.3369477609735343, -0.0021548150386934924, -7.131115119033861e-13, 0.20359889684316815]
[2.0429153177164454, 2.0571378929818867, 1.9811920134426393, 4.130153529171135e-15, 1.8866663744495373]
[-0.6135900420233711, 0.335987063388407, -0.002354269534658013, -7.224708121822926e-13, 0.20360315576552873]
[2.042204154524868, 2.057562556369423, 1.9825746070149863, 4.197670353994138e-15, 1.8851900928607401]
[-0.6142810592381467, 0.3350313772282931, -0.0025777471891211914, -7.31771823010069e-13, 0.2035803994525339]
Simulation_lift | Ep N:    0, step:  100, Rec Area: 0.0111, drag: -0.1618, lift: 0.0183
[2.041488380053819, 2.0579931692122058, 1.983950886465529, 4.264914558776473e-15, 1.8837147222165112]
[-0.6149674945459108, 0.33408057237383937, -0.002824937707042579, -7.410133527029836e-13, 0.20353075353597233]
[2.040767906166462, 2.058429733962348, 1.985320446001316, 4.33187592750413e-15, 1.8822408482961033]
[-0.6156494414577126, 0.33313452195071014, -0.003095524355036578, -7.501942039569378e-13, 0.20345436397540195]
[2.0400426471898796, 2.0588722549472087, 1.9866829009251525, 4.398544221246118e-15, 1.8807690401726251]
[-0.6163269891481822, 0.33219310221215426, -0.0033891828525798025, -7.593131747291236e-13, 0.20335139671904384]
[2.039312519879926, 2.0593207381645042, 1.988037887846151, 4.464909182868703e-15, 1.879299849405108]
[-0.6170002226181911, 0.33125619252877275, -0.003705581351879885, -7.683690591198781e-13, 0.2032220371245939]
[2.0385774433819384, 2.0597751910675526, 1.9893850644159174, 4.530960542267262e-15, 1.877833809363405]
[-0.6176692228584183, 0.3303236754519517, -0.004044381579656186, -7.773606482513911e-13, 0.2030664889993368]
[2.0378373391893807, 2.060235622357827, 1.9907241084935383, 4.596688021041986e-15, 1.8763714347807943]
[-0.618334067015006, 0.3293954368131899, -0.004405240938429877, -7.862867311424518e-13, 0.2028849731820878]
[2.037092131102664, 2.060702041798039, 1.9920547167793448, 4.662081337503133e-15, 1.8749132216023217]
[-0.6189948285564344, 0.32847136582513686, -0.004787815171814942, -7.951460955771737e-13, 0.20267772568484865]
[2.0363417451901977, 2.0611744600536674, 1.9933766030708562, 4.7271302112748465e-15, 1.8734596471484903]
[-0.6196515774393545, 0.32755135515863654, -0.005191761120064572, -8.039375289671401e-13, 0.20244499551377376]
[2.035586109753142, 2.061652888565414, 1.9946894963613788, 4.791824368094499e-15, 1.8720111705578164]
[-0.6203043802703573, 0.3266353009804416, -0.005616739128586925, -8.126598192054703e-13, 0.20218704236818172]
[2.0348251552947114, 2.062137339450659, 1.9959931390136714, 4.8561535443467
[-0.12
[-0.1284048312083309, 0
[-0.17803305020742538, 0.7315005067464543, -0.0291372784
S
Simulation_lift | Ep N:    0, step:  110, Rec Area: 0.0116, drag: -0.1615, lift: 0.1158
[2.204628466283888, 1.7194402689544241, 1.8195968107075409, 2.1229913822411546e-15, 2.0744829822210464]
[-0.1274300723233293, 0.7743938036551026, -0.029877271937656043, -3.336978387434103e-13, 0.18035358411229319]
[2.2064328889368574, 1.7168641751885843, 1.81890275647722, 2.1522748546285227e-15, 2.0752128409363957]
[-0.12669035956467634, 0.7743806626241072, -0.029049114769394188, -3.358187008463028e-13, 0.18170907404774084]
[2.2082302137209777, 1.7143076311777845, 1.818222902590835, 2.18118821517056e-15, 2.0759184684782084]
[-0.12596364331972093, 0.7743590042169617, -0.02820527424579812, -3.3788606455695957e-13, 0.1830791946810219]
[2.2100203805224, 1.7117706237108339, 1.8175575653081903, 2.209727090516888e-15, 2.076599822519137]
[-0.12524969991620152, 0.7743290087017755, -0.027346425600524, -3.399004195930864e-13, 0.18446340648915371]
[2.2118033312940057, 1.7092531402570526, 1.8169070324263639, 2.2378873161551616e-15, 2.0772568559991402]
[-0.12454831199330216, 0.7742908540681072, -0.02647323739368718, -3.418622834759417e-13, 0.18586117970491312]
[2.2135790098977797, 1.7067551688224858, 1.8162715644149507, 2.2656649386325306e-15, 2.07788952125109]
[-0.12385926831751294, 0.7742447159972549, -0.025586371023884065, -3.437722002828327e-13, 0.18727198605828788]
[2.2153473619729533, 1.7042766978116268, 1.815651395294826, 2.2930562175904497e-15, 2.078497773423796]
[-0.12318236358827521, 0.7741907678372771, -0.02468648075391577, -3.456307394055324e-13, 0.1886952940896091]
[2.2171083348255247, 1.7018177158948753, 1.81504673330363, 2.3200576276284243e-15, 2.07908157255634]
[-0.12251739824211436, 0.7741291805848456, -0.02377421405540788, -3.4743849431322e-13, 0.19013056822218813]
[2.218861877334967, 1.6993782118821072, 1.8144577614191135, 2.3466658598886885e-15, 2.079640884105953]
[-0.12186417826204515, 0.7740601228750963, -0.022850212069439477, -3.4919608132020506e-13, 0.1915772708878361]
[2.2206079398748284, 1.6969581746028468, 1.8138846378244533, 2.3728778234528485e-15, 2.0801756781542133]
[-0.12122251499492914, 0.7739837609797658, -0.021915110000861313, -3.509041383575536e-13, 0.19303486641806034]
Simulation_lift | Ep N:    0, step:  120, Rec Area: 0.0115, drag: -0.1610, lift: 0.1223
[2.222346474245193, 1.6945575927935, 1.8133274963982189, 2.3986906464191626e-15, 2.080685927809192]
[-0.12059222497611263, 0.7739002588131839, -0.020969537305623884, -3.5256332374896835e-13, 0.19450282524628837]
[2.2240774336154514, 1.6921764549920053, 1.8127864472980684, 2.424101676758328e-15, 2.0811716074324003]
[-0.1199731297593793, 0.773809777945184, -0.020014117584114845, -3.5417431499122734e-13, 0.1959806271847316]
[2.225800772475739, 1.6898147494401246, 1.8122615776852493, 2.4491084829100246e-15, 2.0816326912542675]
[-0.11936505575063015, 0.7737124776196788, -0.01904946815017301, -3.5573780754018163e-13, 0.19746776301932967]
[2.2275164465949806, 1.6874724639934713, 1.8117529526112768, 2.4737088540845702e-15, 2.082069152749681]
[-0.11876783404419375, 0.7736085147775504, -0.018076199297354954, -3.5725451360312254e-13, 0.19896373423796015]
[2.2292244129834122, 1.685149586039151, 1.8112606160625302, 2.497900800358551e-15, 2.0824809648982336]
[-0.11818130026102461, 0.7734980440825419, -0.017094913325424607, -3.587251609391621e-13, 0.20046805120954114]
[2.2309246298574554, 1.6828461024207984, 1.8107845921366734, 2.5216825524650096e-15, 2.0828681012237427]
[-0.11760529438843015, 0.7733812179489663, -0.016106203417418048, -3.601504916682132e-13, 0.20198023045330024]
[2.232617056605276, 1.6805619993705796, 1.8103248863090817, 2.5450525613332137e-15, 2.0832305373469993]
[-0.11703966062173306, 0.7732581865702801, -0.01511065246983756, -3.6153126109056107e-13, 0.20349979173557914]
[2.23430165375147, 1.678297262447674, 1.8098814867390438, 2.568009497343961e-15, 2.083568252718976]
[-0.11648424720915775, 0.7731290979477483, -0.014108831976359645, -3.6286823651728433e-13, 0.20502625562915985]
[2.235978382920081, 1.6760518764826304, 1.8094543655645234, 2.5905522493121534e-15, 2.0838812322250195]
[-0.11593890630183604, 0.7729940979186634, -0.013101301051228493, -3.6416219611384216e-13, 0.20655914193598063]
[2.237647206795302, 1.6738258255269982, 1.8090434801396331, 2.612679923181255e-15, 2.084169467439057]
[-0.11540349381092335, 0.7728533301837408, -0.012088605655746001, -3.654139277572986e-13, 0.208097969094947]
Simulation_lift | Ep N:    0, step:  130, Rec Area: 0.0112, drag: -0.1604, lift: 0.1285
[2.239308089080252, 1.671619092807593, 1.808648774179311, 2.6343918404578985e-15, 2.0844329574256477]
[-0.11487786927348478, 0.7727069363334832, -0.011071278063892603, -3.6662422790943637e-13, 0.20964225445076695]
[2.240960994454462, 1.669431660684861, 1.8082701787887205, 2.6556875363642947e-15, 2.0846717091027958]
[-0.11436189572827607, 0.7725550558733786, -0.010049836575099799, -3.677939005068497e-13, 0.21119151509943554]
90187332]
6208364402228]
63, 1.8551297588384275, 3.551853593074663e-15, 2.0205282365234893]
[-0.23471714495907792, 0.6825610640535433, -0.01516155436508233, -5.259954289802982e-13, 0.19640082602610218]
[2.217767731316132, 1.812200429208823, 1.8549708995912408, 3.578243661668361e-15, 2.0205786955797596]
[-0.23438341415545552, 0.6824847188937027, -0.014602713291480093, -5.280948978807601e-13, 0.19725880952769476]
[2.2189959943579476, 1.8107092954728632, 1.8548203239254302, 3.604148215122057e-15, 2.020615011723946]
[-0.23405805434573443, 0.6824026840423194, -0.014042192605819789, -5.301366121664999e-13, 0.1981177319702755]
[2.220217252113562, 1.8092332171182623, 1.8546780265500484, 3.629565454339395e-15, 2.0206372471956247]
[-0.23374097675461442, 0.6823150666232833, -0.013480261559292491, -5.321210102768107e-13, 0.1989772477485535]
[2.22143145849992, 1.807772197717153, 1.8545439957835956, 3.65449376724908e-15, 2.0206454706711425]
[-0.23343209406816331, 0.6822219724312814, -0.01291718437606294, -5.340485410094259e-13, 0.19983701744482094]
[2.222638568222008, 1.8063262398304778, 1.8544182137727079, 3.678931727541868e-15, 2.020639757011489]
[-0.23313132039787593, 0.6821235059514459, -0.012353220365406207, -5.359196628686593e-13, 0.20069670772194084]
[2.2238385367607134, 1.8048953449870493, 1.8543006567172118, 3.702878093242094e-15, 2.020620187072885]
[-0.23283857124704282, 0.6820197703773694, -0.01178862400181526, -5.377348434227498e-13, 0.20155599117725087]
[2.225031320363282, 1.803479513663591, 1.8541912951080857, 3.7263318051424024e-15, 2.020586847563476]
[-0.23255376347891016, 0.6819108676276058, -0.011223644966580685, -5.394945586706853e-13, 0.20241454619906363]
